=== Problem ID 0-63 的正确率 ===
Problem ID   正确数        总数         正确率       
---------------------------------------------
0            4          64         6.25%
1            0          64         0.00%
2            54         64         84.38%
3            1          64         1.56%
4            0          64         0.00%
5            0          64         0.00%
6            0          64         0.00%
7            1          64         1.56%
8            47         64         73.44%
9            3          64         4.69%
10           32         64         50.00%
11           0          64         0.00%
12           42         64         65.62%
13           0          64         0.00%
14           0          64         0.00%
15           0          64         0.00%
16           4          64         6.25%
17           0          64         0.00%
18           10         64         15.62%
19           0          64         0.00%
20           0          64         0.00%
21           2          64         3.12%
22           0          64         0.00%
23           6          64         9.38%
24           2          64         3.12%
25           0          64         0.00%
26           0          64         0.00%
27           0          64         0.00%
28           1          64         1.56%
29           0          64         0.00%
30           46         64         71.88%
31           0          64         0.00%
32           5          64         7.81%
33           3          64         4.69%
34           6          64         9.38%
35           22         64         34.38%
36           0          64         0.00%
37           0          64         0.00%
38           5          64         7.81%
39           0          64         0.00%
40           0          64         0.00%
41           0          64         0.00%
42           0          64         0.00%
43           0          64         0.00%
44           0          64         0.00%
45           20         64         31.25%
46           51         64         79.69%
47           0          64         0.00%
48           7          64         10.94%
49           3          64         4.69%
50           4          64         6.25%
51           14         64         21.88%
52           0          64         0.00%
53           0          64         0.00%
54           0          64         0.00%
55           0          64         0.00%
56           0          64         0.00%
57           0          64         0.00%
58           0          64         0.00%
59           0          64         0.00%
---------------------------------------------
总计           395        3840       10.29%